  30.90190      56857
  54.81061      48493
 102.61903       6967
  14.73303      58887
  25.45934       4949
   0.08222      28459
 105.96461       9644
 216.26506       9180
  10.13258       1876
  33.63929      30718
 150.93330      41106
  10.57022      50393
   0.16034      14556
  50.84646       7387
 159.37127      43806
 172.80095       4916
   0.00062      34295
  15.78652       2730
   0.00062      27709
 209.98467      46849
  21.86764      36190
  36.85379      37402
  19.28746      36934
   0.07945      26357
 194.17584      37477
   0.13888      13702
   0.80621      48356
  16.64781      46498
   0.00000      15031
  20.38974       1204
   0.00001       5336
   0.00000       9311
  20.58419      48804
 125.26795      25427
 124.04072      20598
   7.06172      18380
   9.14645       3702
  13.02706      33466
  53.58246      43183
  81.90122      16994
  48.04835      19835
  73.53441      50150
  61.72153      25009
 153.39450       7618
  66.05253      32065
   0.59144      26170
  48.62913        985
 100.13032      24517
  77.89784       7557
  66.06895      20141
   3.65948      37944
   0.00921      14418
  20.58419      39493
   9.10507      17375
 147.31447      26312
  75.59654        542
  29.55700      44272
  57.92844      28625
 259.86263       6173
  44.01715      54057
  15.40960      49868
  95.15597      28138
  41.30840      30067
 103.50905       6930
  10.23510       5460
  17.40382      14365
 169.90792      51200
  27.43679       6053
 100.06507      11490
   0.05943      12655
   8.99579      18923
   2.99555       8816
  47.49415       6737
  24.48063      23137
   0.07952       9003
   0.00013      19201
  20.61330      42253
  90.70336      42556
   1.43371      23298
 215.84548      60230
   0.00031      19060
   0.00000      41623
  57.52293      29643
  10.05102      33722
   9.76693      12320
   0.83898      51124
 259.86302      53575
 149.92236       5346
   4.14055      27870
  85.54887      34559
 279.61384      58259
  62.04366      18598
  25.33063      45986
   0.00000      20367
 163.05017      13715
  63.76835       1971
   9.68082      10857
 275.93494        738
 256.18412       3946
 312.70398      59397
  44.01754       6655
 103.19685       6156
   0.98235       9500
  20.61329        630
  93.40108      22174
  20.61360      23193
 159.67282      45740
  20.61317      23052
   0.48237       5166
   0.25453      46799
  31.01480       9985
   4.90780      48748
  11.26399       5301
  13.03129      34995
  49.44360       7764
   2.74324      42333
   0.49284       1489
  20.47794      38844
   0.29925       3448
 256.18373      51348
   0.13904       7075
  67.70532      19618
 174.40294       4669
  40.83027      22978
   9.60857      15015
   3.88825      22882
   4.59861      15529
  60.99702      55253
  32.75896         38
   4.59857       7985
  51.24419      19519
 394.35326      10178
  19.75121      52086
   5.42128       4129
  93.39899      19140
  75.38224      22030
  68.30630       8446
   0.01022      14666
  20.61169       7352
  47.33788      14398
  60.86009      28022
  23.75930      39565
   0.21770      35294
 144.45594      49254
 120.58158      46982
   0.18312       1718
   1.32705      21932
   0.67595       3207
   2.63339       1658
  74.43146       3307
 146.11138      17649
   2.13136      17937
  29.26646      29439
  99.17796      24929
 121.52155       3396
  46.61483      29595
   6.39331      28019
  66.09039      29483
   1.84325      22528
   9.60862      22559
  11.83968       8040
  13.47448       7501
  58.96333      38160
  18.77886      12006
  67.52518       5483
  82.74069       7969
 123.28430      13508
  99.85493      17929
  93.64161      30963
  49.98634       9318
  21.02606       4990
  79.00964      58008
  63.70076      23407
  97.13478      33333
  62.56803       4855
 202.11263      30268
  32.36290      47427
 163.06841      16869
   0.00000       5267
   5.87209       6785
  24.42475      12461
  74.96022      33055
  70.05962       5741
  28.31347      22474
  44.80200      10270
  19.17116      28095
  61.99894      27323
  11.77727       3391
  52.99907       2113
  43.62675      20355
  17.48528      17151
 126.15461      10056
  20.60147       7314
  44.02255      42139
  39.19930       7597
  20.54427      27005
  94.48437       6720
   0.63501      45041
  30.40971      20450
   0.05948       3450
  25.03007      26695
  13.31030      47022
 102.64239      12705
  58.06542       3043
   2.80180       1569
 102.61471      20547
   0.16607       2469
   0.00032       4203
  55.53618       8464
   4.98004       5907
  43.88958       7152
  62.50658       4839
  96.34229      15369
  14.71883      12676
  49.73436      17165
  31.65872       7650
   4.80136      20896
  18.20206      37623
  19.04799      44070
   4.22278        589
   0.00001       6586
  43.28057      32079
 244.92013       9247
   2.29588       6348
 137.76494      25359
 173.64198      26013
  81.08626       4124
 188.47988      20329
  10.42069       3130
 358.06213      10231
  21.54372       3651
   2.27564      42822
   4.09621      40680
   5.01000       7030
  31.64794      25539
  30.40954      16903
  49.75569       8624
  25.84051      40310
   2.39226      37089
  41.88020       7056
  19.75081       4684
  40.66162       7390
  48.64888      38257
  30.34657       4771
   5.53411      23348
   4.12972      21362
 125.52659      41554
 121.58276      30315
  23.52684      47578
  11.57018      44261
   0.06501       9622
  34.61056      38209
 312.27338      31591
  10.80853       5083
   4.75692       5290
  10.31569       3594
   1.44655      22343
  40.83022      13773
  64.08203      39424
 121.14366      23434
 123.88794      15032
   0.00102      28832
  24.64323      51610
  64.07637      16971
 250.68412       5124
 123.37430      21210
  46.97753      13239
  64.08441      16700
 117.35013      29012
  26.14629      34566
 350.22116      32707
 212.16118       9209
 102.61649       6640
 120.90682      52544
 103.30695       8896
   3.24338      29556
   9.79463      23763
  58.50804      49659
   1.26213       3926
   9.83333       1572
  94.41085         40
  98.00973       2035
  20.38435      16562
  20.86012       3342
  52.78991      34597
  30.86672       3423
 120.10908      15555
  28.63596      10672
  20.27420      27781
  21.51733       2047
  98.36308      16323
   4.59395      30693
  81.09630      11414
 144.78507      29819
   1.68509       1236
   1.37905       9315
   0.57893       5704
  59.44433      35038
   2.38253      13896
  63.66710      35627
  53.36321       1578
 213.67989      16002
  17.92905      11825
  37.38274      33676
  41.88824      26615
  84.57606       1612
  24.98548      35630
  61.40473      28737
   0.90580      10005
  16.59026       9963
  16.58788      46161
  16.58221      23708
  28.50430      21331
 118.69306       1997
  22.91586      19830
  24.77418      55024
   5.66166      38216
  63.58488       7168
   1.87930      21425
  52.94840      34532
   8.58046        618
 101.88678      20702
 360.61198      11954
  36.09010       4713
 102.63387       4266
 359.89408      53621
   2.30710      13874
  29.11379      54340
  27.93854      23715
 102.22349       5786
  32.87936      14171
  62.65217      11977
 216.90751      19353
  21.02301      37117
   5.70827      29840
  66.10013      19561
  17.44028      34354
  26.64429      11769
  31.81019      14694
   5.28487      28999
  53.51002      58098
  30.32737      48832
  30.23327       6858
  19.45494       7348
  61.14575      53715
  44.02295       5263
  52.93860      35973
  21.60125       5849
  12.17973      39088
  63.77376       9947
 171.18788       9656
 215.48594      19017
  14.60285      11672
  42.91453      23805
 188.89692      48677
  31.44565       9127
   2.83266      24900
  46.80967      12493
  34.96999      20533
  15.34286      11961
  29.53083       7532
  41.03600      27107
   1.85799      10731
  43.76516      14516
 236.78435      12295
   0.15836       2695
  16.80213      24451
 108.20795      18913
   0.00068      15106
   1.17525      30625
  22.47836      25237
 334.93322      25227
  56.90637      43071
  47.72333      10990
  64.40149      37495
 125.52694      13521
 125.36538      44218
 173.38410      13275
 119.11038       9743
  93.15087      38271
 173.87694      11786
 146.53988      29673
 128.80131       5294
  68.06878      20312
 146.55003      11270
   0.00031      22563
  60.60512      18917
  66.07746      11702
 125.71780      14101
  76.89898      31460
  38.31920      22498
  55.94737      17477
  47.88551       9125
  26.67868      13557
  66.09594       2458
  50.01970       9698
 125.77074      22661
   3.40332      20635
 127.11687       6967
  25.51375      44268
 120.90866      12470
  89.10184        592
  33.01103      49127
  30.38179       1465
  29.59631      33158
 159.67069       5597
   6.29688       1572
  59.20021       5070
  25.06141       8854
   6.04614      49550
  36.17662      22369
   0.13926      12207
  67.18530      25779
   1.81114      21558
  50.47789      10360
 215.84007      48312
  26.26972      20975
  30.14830      10816
   7.98727      30867
 185.68368      17338
  17.88721      32780
 102.59732      22921
  67.66630      10115
  23.85062       2669
   9.79296      26821
  32.00455      11201
  26.28436       1951
   2.58778      42996
  35.45767      16789
  25.65588       7488
  15.32309      18678
 276.56808      34786
 115.35561      43534
   8.64890      31226
 177.21766      39155
 206.82873      48417
  28.94980      10039
  20.38395      30840
  96.30901      26616
   0.63314      35524
 140.26779      47692
   0.00001      20367
  30.57346       9879
 214.60041       5479
   4.49847      13180
  56.98560      39268
  25.03138      49434
 123.36378       3068
  19.85473       3862
 196.04303      28535
 209.45525        398
  11.99420       2698
 355.16653        754
  19.16701       1838
  78.07191       9670
  25.18878      34357
  17.40416      42398
 172.90174      18441
   8.38835      28660
  95.65260      16174
  48.43951      37236
  42.06766      35094
   0.69114      24979
 157.01442       7646
   0.23913       3945
  20.36234       3369
  97.28042      27383
   0.24935      10721
  90.00156      23738
   3.69226      35176
 158.24961      16736
  68.26843      11028
 195.98355      31985
   0.97520       6655
 167.35933      26547
  30.63328      12872
  41.88258      49068
   3.75718       7538
   1.56401      47817
  28.05301      22232
   0.00037      54479
 124.54255      16524
  23.16206      19985
   0.92555      49247
 156.47466      11249
  20.58419       3683
   0.00000      35810
  20.81678      18314
   0.00000      45121
   0.00000      50457
  66.07423      13496
  20.38974      46325
  86.15705      39830
   0.00000      30090
  32.75355      11956
 205.94194       3604
  54.45906      15535
 148.94488       7685
   0.90668       6045
  75.19691      30214
   3.71404      26931
   0.22672      13458
  67.19829      36975
   5.70765       3649
  47.02367      15119
  15.19806      47862
  14.47002      34106
   2.29603      52144
  15.68821      44070
  28.95998        645
   0.13966      25498
  50.17138      11989
   3.41782      34664
  59.50534       8418
  38.32327      12529
  51.35033      45995
  29.98800       5524
  33.00940      24308
  35.13412      12070
  35.54984       5744
 248.59903      48274
  60.36678      11431
  27.97465      37746
 307.15343       8194
  51.03282       8976
 102.60452      10123
  27.97757      35025
 108.89901       6539
   1.10157      26582
  96.81286      39860
 116.56367      44544
  34.27399       4635
 236.77229       5094
  20.36203      15168
 173.11943      16853
  34.74313      10854
  51.80811      31394
  68.65590      61549
  44.53609      15967
  68.29779      16885
  94.24913       3362
   2.77601       8245
  72.84956       6507
   2.11065      26548
  37.61891       6137
  36.93908      38398
   2.38699       4999
  73.48589      26006
  96.81246       7542
  26.00658      42779
 185.68640      22789
   6.53018      21161
 121.14654      37036
 102.62322      28986
  25.24908      14140
 102.58535      26404
 146.56362      25937
  83.68451      23059
  69.80296      24315
  53.85421       1254
  18.09170      20805
 195.90410       5628
   0.89791      35117
 150.03064      32727
 102.62588      28397
  41.79946        563
  40.10424      18620
  26.29554       8772
   3.04168      20823
  14.54685      55462
   0.00044        141
   0.00013      22422
 197.62701      37081
  20.56325      49977
  20.56295      12465
  45.79592      37729
  46.69138       8721
  18.78301      41939
  52.79532      46515
   0.00265        589
  61.57348      55454
  16.32482       2602
   2.85759       2131
   7.27551      23070
  19.08836      40452
   0.29339      22407
  57.47727      14774
  34.56675      38188
  63.84911      12632
   3.60750      46562
  45.13849      27646
  11.50517      34639
   0.00002      25253
  20.46276       8507
  74.35300      16877
   2.01264      17594
  36.14970      14369
  15.32716      28647
  35.55070      10135
  20.61138      25889
   0.00031      18537
  20.60116      11223
  31.79352      17673
  31.52262       5016
  63.60371      32367
  31.64266       3640
  90.70624      56158
  66.06450      35548
  14.56634      12050
  43.32597      56794
  13.02722      25026
  66.09162      11122
   9.54952        953
 104.03389       5767
  15.31968      29836
  15.21551       2486
   0.00068      35351
  40.43528       7520
   0.00068      14984
  20.39042      31219
   0.00068      20704
  20.58487      18789
   0.00068      30015
  12.55534      35087
   0.75751      28639
  49.10452      31208
   0.00030      37512
  65.17592      36513
   0.13893      22907
   0.26467      30128
  20.63511      29011
   4.94536      33461
   8.41406      46687
 188.91667       9435
   4.78379       2764
 180.92940      40302
   0.15831      10239
 175.52643      31285
   3.22786      24248
  20.38974       4132
  20.38974      16235
 173.20099      14993
  66.08620      51502
   5.80598      23014
   0.50280       2766
   4.23938      10644
  13.03113      23497
 117.19681       9020
   1.04772       2106
 272.52556      23101
  58.85432       4590
 280.00614      20993
   8.96729      34364
   0.00000      11979
   0.05941      13904
 127.70109      33719
 195.98362      14631
 158.07035       3426
  16.89524      42002
  66.06226      16979
  66.05156      17767
 361.65048       3910
  98.47832       3409
 138.45163       9236
   4.41672      34239
   6.08110      16276
   8.41446      49416
   2.60015      30435
   0.50988       5676
 292.98711      12676
 187.99112      58682
  31.58648      35191
   3.75792      30771
   0.07224      42841
 146.53700      16071
   3.69410      27913
  66.07327      33721
  91.47312       4883
  10.09735      45505
  39.65824       7172
  41.31814      18977
 102.63820       9314
 196.04298      19330
 212.16658       2709
  34.66009       2859
  19.81530      23193
  10.23723      45603
   3.08351      19395
   4.25876      11230
   0.07948      10440
  61.47734      43746
 133.99528      18070
   6.38689      18396
  41.97966      38201
  31.04095      51028
  58.47046       2907
  17.09898       2378
 347.01842      26752
  97.92536       5446
  96.60402      40239
  57.15329      13219
 202.11390       5145
  51.26218       1061
  47.81933      33626
   0.00033      58025
  28.47178      34719
  20.54461      31020
   0.16157      30697
 127.94504      41476
  19.27138      13210
  20.63382      61589
  45.20833      42659
  68.30211      30465
  40.87894      20918
   6.55899       5329
  57.32531      52979
   2.77496      15078
  60.26121      33637
 208.25861      11873
 206.00088       7386
  18.16684      43859
  10.94652      30511
  74.67099      19568
  11.09824      22468
 107.10783       5648
  60.42447      21253
  64.40690      25577
 108.76013      20241
  36.01155      19623
  78.92608      43428
  12.18682      25333
  75.46054      29627
  66.08188      37922
  49.85092      27296
  44.10656      14437
 113.26245      24803
 297.75848       1428
 107.13458      21786
  66.03959      14284
  27.47334      12634
 124.11650      24585
   3.24603      33189
   0.16122       2664
   0.92052      21481
   5.79019      16569
  86.71965      32862
   0.46907      54587
  26.54280       8059
  11.26360      42101
   5.51159      15541
  20.20324      31509
  31.28874      25609
  36.46223      55157
  93.01084      32984
 258.77983      13434
  61.40489      29755
  78.25749      25955
   0.00000      14647
   0.00000       5720
  20.38974      10515
  63.20271      27516
  46.20900       8410
 266.12291      23849
   0.13944      30630
   5.01354       7365
 212.49039      10201
   3.41517      31031
 120.74450       3048
   4.94501       5428
   2.32002       5752
   2.60121       2423
  10.40100      11066
  51.35049      12497
  10.42073       6075
   1.45761      24574
   0.05936       4699
   7.96751       8375
 147.87035      30993
  45.24153       5853
  40.02796      27540
   0.19445      50008
  20.58419      33773
  20.58419      54140
