  98.16803       7578
   8.75479       6913
   3.02248       3522
   0.01117       7850
   8.93674      41492
   0.00164      16927
   0.78647      11651
 339.87613       2020
 332.39555      42074
   3.67890      57521
   5.78025      21180
 206.56134      31918
  70.70087      10802
  34.33473      25772
  22.55746      29163
  87.14397      25869
   6.02417       7802
   0.00024      25239
  22.65087      13496
 102.86088      23274
 126.79434        559
   0.00001      51275
   2.89595      17048
  68.74382       3754
   1.05416      44498
 216.30295      28888
 329.69316      19299
 102.15355      29663
  34.58009      30573
  92.92087      24393
 297.40957       3147
 320.18456      15303
 321.16795      16166
   7.20117      13248
  96.09488       8706
   0.00000          0
   5.61991      34016
 264.67164      27795
 272.15223      16299
 102.64504      12116
   1.02924      38907
 272.17662      10574
 264.69604      54668
  17.66944      34255
   5.78025      19460
   0.32009      50091
 232.53553      31323
  66.08012      12291
 229.63958      14275
 126.40949      41406
  25.95156      17156
  99.06645       9988
   2.89117      13432
  19.77526       6578
  34.97681      18768
   0.00564      12727
   0.62918      31901
   8.41741      20796
  19.19855      38250
  27.15136       2830
 355.16618      27279
  68.24030      31772
   9.33396      20407
  93.01293       8330
   0.00424      21039
 324.98615      13424
   0.00684      21430
 100.07865      26157
 353.11712      15659
   2.59189      11530
   0.00000          0
   5.13729      24473
  66.09305      30072
 207.77819      17103
 268.82667      31376
 389.40825      15606
  36.29113         53
  27.14729      12799
 357.71603      29002
  22.42988      22017
   0.08155      31846
  11.17191       9699
   3.21348      24650
  79.60914       6694
  38.14832      24654
 332.46674      30670
   5.88119      21155
 128.76629      13845
   5.24182      17999
 337.82918       8179
   0.17179       1475
  66.10278      18972
   0.04052       1993
 169.20982      42280
 290.01070       9384
 292.90666       7664
 126.40361       3440
   8.65721      29400
  22.63672      37711
 126.40525      20367
  36.65991      19457
   6.37185       2142
  40.17842      36296
   4.34707      24594
  33.90414      33780
 280.24697      22735
  17.60304      41073
 357.90091      12895
 355.00496      29943
 350.32521       4987
  48.00794       4729
 206.56134      31918
   7.82952      31567
 299.67692      25931
 307.15750      18163
  78.72227      38969
 100.05492      29453
 122.16531       4455
 358.06248      17802
  84.74643      31167
 337.40344      13038
  46.27612      23263
  46.32257      45049
   8.57351      12206
 320.18472      43189
 312.70413        905
 315.00001       7253
  24.36804      31996
  13.64281      12005
  52.34128      15210
 127.40713      13544
   3.52536       8755
  29.98796       2020
  30.14829      12536
  12.83176      15168
 299.67285      35900
   3.34239      41266
   1.17426      19471
   2.09316      18731
  34.98088      28737
   9.54627       9903
 115.70195      14515
  39.18709      17101
 121.17027      18574
 216.30295      28888
  30.61927      11550
  53.96311      35746
  90.71639      15215
 119.59317      13807
   0.00000       3214
   0.00000          0
  30.44029      19122
  15.05748       1193
  11.06402      13023
   7.48059      44094
  29.86827       3136
  48.00809      53763
   1.44397      25386
   0.00000          0
 268.83423      30692
 261.35365      13402
 358.75452      13138
  22.73874      34456
  22.63463       3603
  26.07042       4251
 308.43680      42311
 315.91738       1783
  31.31225      22250
  75.46186       3901
 329.92286      31056
  85.44028      19701
 111.73330      10158
 126.40925      16167
 322.21257      24795
  40.17858      22196
 121.15669       3907
  66.98820      27803
  22.25865      14441
  53.86547      15924
   0.02029      29874
  73.58498      14496
   3.26784       8323
 353.22116      22035
 179.43788       8384
  10.68871      16033
  90.72998        548
   9.34868      26705
  45.70808       4683
   0.02048       6560
 110.86180      42888
  21.09162       7583
  28.06326      39961
   0.00000       1720
  57.85619      14216
  78.51729      19602
 251.29925      30660
 117.75747      17960
   5.69862      11812
 337.76236      41644
 340.65831      24596
 100.05204      15851
  80.15696       2579
