   0.00005       7544
   0.02374      55610
   0.05600      43790
  53.96942       3007
  56.66546      23648
  37.54493      12423
  22.46379      13765
 110.06204      10026
   0.00415      29933
   0.00742       1145
   0.28211      48685
   5.44312       2729
   0.15042      15791
  38.74276      36860
  46.16388       5586
  57.59181       3647
   0.00669      35900
  66.39578      21380
  61.36313      53821
   0.00209      41314
   0.00035      28033
   0.45648      37304
   0.70244       8365
  44.26386      51355
   5.63338      17944
   6.01257       3240
   0.00040      37705
   0.00117      23272
   0.00804      33671
   0.00567      22453
   0.00039      47402
   0.18618       3425
  28.12850      10205
   0.01975      39242
   0.64650      23119
   3.55368      14701
  24.89717      26438
   0.41572       6326
   4.45635      27306
   4.20045      40150
  65.56358      13671
 421.37143       9875
   0.00073      34755
   0.03787       2582
   0.02267      31263
   0.00428       2039
   0.00065       4430
   3.41309      57466
   0.00238      56124
   4.04942      24953
  38.10643       4347
   0.63633      32513
  42.15585      20606
 148.53117      36578
   0.00699       3864
   0.00090      36583
   0.00295      28620
 105.27467       4487
   8.86471       1711
   1.27584      10379
   0.00062      26191
   0.05894       3782
  64.55418        109
   0.00016      58492
   0.00400       4200
   6.11197      10708
   0.02662      42008
   0.26334      15464
   0.01303      27341
   0.00986       4621
   0.00293       2721
   0.00645       7920
 128.18233      29474
   0.03522       6236
 291.24727      11515
  62.74659      57108
 152.58827      10134
   0.15984      18487
   0.00986       1042
   0.02590       6065
   0.13019      47215
  78.90814      23671
  56.73037       6660
   0.00015      20273
   4.47244      35154
   3.82855      16891
   0.01916      16281
   0.00940      37296
   0.00046      36254
 171.76955       3011
  54.37833      28297
   0.00288      13602
  38.67675       9085
   0.01530      23762
   0.00588      37966
 109.68198       6954
   0.02171      15954
   0.00419      22019
  33.76188      28149
   0.00118      19539
   0.00265       3633
   0.00213      40143
  76.28769      24437
   3.23133      16233
  38.23272      17739
 163.70596      18459
  44.34362      29264
  46.64674      10581
  60.95266      24109
 295.30437      14929
  43.55282      29270
 142.71610      25063
   3.16286      14626
   0.00070       3361
  46.00024      33700
   2.97667      11201
  35.62132      24786
  17.31828      34255
   0.00271       1396
   6.08112      33460
   0.00127      35413
  90.00491       4313
 161.48820       3884
 208.95246       2368
 422.40067      48782
  75.65136       8076
   0.00022       5132
  79.70078      33029
   0.01015      40943
   0.86144       3013
  66.80741      15499
  93.56628      23614
   0.00465      11446
   0.65721       5389
   0.00432      13580
  35.70897      39291
  19.02003      31842
   1.35475      36440
   2.54055      11886
  37.53028      26104
  44.07768      47930
   2.27194      25026
  41.38207      18203
   0.00012      46748
 272.51622       4170
   2.40671      32748
   5.44445      35716
   0.01197       3483
   0.01739       2374
   0.01293      17781
   6.01997      21469
 169.71853      21699
 123.39949       7611
  11.41579      37964
  44.13367       4140
   3.03267      32589
   0.03368      19437
   0.00052      20852
   0.01358      14667
   0.00005       9205
   0.03278       2768
   3.23359      35390
   0.00966      49268
  32.19729      34945
   0.00974      49044
   0.00267      45404
   0.00317      34858
   0.26282      36316
   6.34179      17352
   2.35205      21637
   0.02855       5476
  12.87566      26869
   0.13241      16435
  14.49516      62963
  41.10101      36729
   0.00799      38035
  59.77558       9197
  63.19943      36331
  34.84940       7218
   0.38815      13844
   0.00541      11918
 178.86308      38847
   0.01013       2541
  98.94239      24958
   0.02936       5857
   0.00187      33414
   0.00305      42107
  70.98488      36155
 145.02698      15827
  36.16546       1987
   0.00211       7211
   0.01319      30973
 232.96595      19186
   0.00407       9969
  55.66727       2944
   0.01059      33713
   0.86012      16705
   3.05543      15701
   0.00007      17354
   0.00851       8439
   0.00106      32858
